test0.jpg 2 0.949965 64 242 318 486
test1.jpg 2 0.737777 195 426 1080 1429
test2.jpg 1 0.950519 120 278 474 609
test3.jpg 2 0.941863 107 141 332 291
test4.jpg 0 0.95104 208 399 865 796
test4.jpg 0 0.729285 137 174 406 247
test4.jpg 0 0.829285 218 46 421 121
test5.jpg 4 0.869233 247 419 842 644
test6.jpg 2 0.937948 83 237 262 351
test7.jpg 3 0.902033 0 361 900 1007
test8.jpg 3 0.714381 86 75 1440 999
test9.jpg 3 0.87089 83 313 741 1227
test9.jpg 0 0.863071 676 109 1080 373
test10.jpg 0 0.887845 57 190 213 251
test10.jpg 3 0.703829 57 163 182 194
test10.jpg 3 0.753324 157 210 412 348
test11.jpg 3 0.908071 82 242 998 1150
test12.jpg 3 0.951107 478 1953 2486 3595
test13.jpg 3 0.955135 58 120 251 355
test14.jpg 3 0.872782 0 19 357 432
test15.jpg 2 0.91969 22 0 1079 1290
test16.jpg 0 0.945938 1 472 254 638
test17.jpg 2 0.952281 237 443 728 1068
test18.jpg 3 0.932465 50 146 326 279
test19.jpg 3 0.956456 84 126 278 338
test20.jpg 3 0.924618 123 404 947 820
test20.jpg 0 0.866304 642 777 1080 1384
test20.jpg 0 0.291667 689 118 1075 242
test21.jpg 3 0.922955 62 204 186 323
test21.jpg 0 0.53406 0 159 82 202
test22.jpg 3 0.956617 6 749 693 1432
test23.jpg 3 0.925158 298 634 731 875
test24.jpg 3 0.940244 143 439 833 968
test25.jpg 3 0.449487 107 148 368 404
test26.jpg 3 0.641026 347 761 741 874
test26.jpg 0 0.941026 58 706 374 812
test27.jpg 3 0.928511 272 935 888 1421
test28.jpg 0 0.874219 501 490 782 620
test28.jpg 0 0.860393 206 487 489 623
test28.jpg 3 0.890393 239 621 896 1035
test29.jpg 0 0.836846 150 436 863 1040
test30.jpg 3 0.95135 189 611 745 1050
test31.jpg 3 0.839339 0 832 808 1687
test32.jpg 3 0.886178 70 260 311 472
test33.jpg 2 0.944052 72 333 246 426
test33.jpg 0 0.353435 15 214 118 248
test33.jpg 0 0.753435 64 262 201 310
test34.jpg 3 0.871326 110 954 721 1235
test34.jpg 0 0.818151 268 551 493 649
test34.jpg 0 0.878424 0 744 210 844
test35.jpg 2 0.963572 126 139 347 332
test36.jpg 0 0.933206 68 225 221 328
test36.jpg 0 0.751947 196 144 280 183
test36.jpg 0 0.631388 5 102 88 132
test37.jpg 3 0.893542 22 525 1066 1333
test38.jpg 3 0.912272 0 370 1080 1014
test39.jpg 0 0.956193 202 448 918 1126
test40.jpg 2 0.864845 321 881 3004 2476
test41.jpg 3 0.928588 208 1268 698 1654
test42.jpg 2 0.954498 98 1059 581 1417
test43.jpg 3 0.924933 202 149 534 417
test44.jpg 3 0.894789 405 1165 833 1345
test45.jpg 2 0.949701 201 177 451 384
test46.jpg 0 0.84551 164 266 387 353
test46.jpg 3 0.778696 43 222 148 253
test46.jpg 0 0.774504 58 242 215 296
test47.jpg 3 0.82808 83 607 645 720
test48.jpg 3 0.961841 109 397 713 872
test49.jpg 3 0.913503 114 331 1016 1104
test50.jpg 2 0.961265 79 259 231 365
test51.jpg 1 0.957191 176 117 432 324
test52.jpg 0 0.937282 14 425 963 1124
test53.jpg 3 0.955841 182 628 1002 1202
test54.jpg 0 0.934993 419 1034 966 1438
test54.jpg 3 0.892599 603 735 883 883
test55.jpg 0 0.923241 15 186 1021 922
test56.jpg 0 0.903223 219 285 316 358
test57.jpg 1 0.942136 73 144 447 382
test58.jpg 4 0.924114 125 166 293 269
test58.jpg 4 0.728675 69 50 191 106
test59.jpg 2 0.959451 196 185 403 358
test59.jpg 0 0.865952 292 43 392 100
test60.jpg 0 0.932912 191 294 877 702
test61.jpg 2 0.930996 100 925 781 1291
test62.jpg 3 0.955351 30 171 283 378
test63.jpg 0 0.919167 52 277 491 516
test63.jpg 3 0.526486 5 620 625 1118
test64.jpg 0 0.933841 273 456 821 843
test65.jpg 0 0.898628 49 116 278 208
test66.jpg 0 0.930661 91 467 718 854
test67.jpg 0 0.908795 25 105 273 208
test68.jpg 0 0.938696 29 352 670 1037
test68.jpg 0 0.918109 618 337 1076 914
test69.jpg 0 0.90975 281 979 772 1243
test69.jpg 2 0.885938 149 762 547 928
test69.jpg 0 0.820283 78 646 383 748
test70.jpg 0 0.928817 107 372 1029 890
test71.jpg 1 0.934622 407 502 656 622
test72.jpg 1 0.921291 2423 1843 3455 2861
test72.jpg 1 0.815493 1277 1759 2481 3150
test73.jpg 4 0.931173 125 186 281 276
test74.jpg 0 0.523556 269 540 1061 818
test75.jpg 3 0.81352 1 525 1030 1044
test75.jpg 0 0.91352 342 356 672 532
test76.jpg 1 0.948105 334 620 754 878
test77.jpg 2 0.950791 117 229 250 308
test77.jpg 4 0.892763 26 192 137 238
test78.jpg 0 0.795204 102 219 312 385
test79.jpg 2 0.738183 107 442 932 1348
test80.jpg 3 0.905324 2 401 856 1379
test81.jpg 3 0.917965 269 274 751 502
test81.jpg 0 0.403199 351 856 1079 1440
test82.jpg 3 0.938712 263 433 880 881
test83.jpg 0 0.943133 197 415 960 1047
test83.jpg 0 0.907719 0 453 212 1070
test83.jpg 0 0.868474 167 1069 1080 1469
test84.jpg 3 0.771957 2 2 4463 2448
test85.jpg 3 0.922771 135 327 366 450
test86.jpg 0 0.919155 2 433 961 1032
test87.jpg 3 0.898395 65 232 289 425
test87.jpg 0 0.864074 227 40 331 85
test88.jpg 1 0.94907 376 249 638 438
test89.jpg 2 0.958063 159 658 924 1405
test90.jpg 0 0.860739 54 231 499 528
test91.jpg 1 0.887276 58 140 300 227
test92.jpg 3 0.955135 58 120 251 355
test93.jpg 3 0.923515 37 625 931 1219
test94.jpg 0 0.939654 123 268 322 391
test94.jpg 0 0.804046 0 253 158 325
test95.jpg 0 0.90133 660 749 1055 1044
test95.jpg 3 0.857719 653 579 923 670
test96.jpg 2 0.927848 444 831 720 968
test97.jpg 0 0.782902 88 499 760 1010
test97.jpg 4 0.7555 537 344 859 477
test98.jpg 3 0.779058 515 244 719 296
test99.jpg 2 0.938743 92 210 361 433
test100.jpg 0 0.746888 0 263 194 332
test101.jpg 2 0.941861 70 282 251 395
test102.jpg 3 0.907593 347 1252 872 1478
test103.jpg 3 0.771958 0 33 789 887
test104.jpg 0 0.809984 127 1128 987 1712
test104.jpg 3 0.80215 208 669 932 1088
test105.jpg 3 0.774479 0 360 990 1668
test106.jpg 2 0.766301 122 409 1079 1102
test107.jpg 0 0.910286 144 282 253 346
test108.jpg 2 0.960181 98 1214 864 1907
test109.jpg 0 0.763231 0 825 450 1241
test109.jpg 0 0.733504 615 150 882 239
test109.jpg 3 0.634093 345 200 762 338
test110.jpg 3 0.905052 115 317 211 351
test111.jpg 2 0.92381 147 499 949 1235
test112.jpg 3 0.899866 452 374 871 586
test113.jpg 0 0.933125 338 966 958 1271
test114.jpg 3 0.959846 81 240 261 454
test114.jpg 0 0.959846 181 240 309 260
test115.jpg 2 0.895079 102 237 266 382
test116.jpg 2 0.893592 40 483 169 535
test117.jpg 3 0.90269 655 882 1045 1122
test118.jpg 0 0.929083 44 435 1065 997
test119.jpg 0 0.829144 52 386 1044 1268
test120.jpg 2 0.942202 85 262 362 485
test121.jpg 3 0.944222 73 464 715 868
test122.jpg 0 0.94591 144 325 752 814
test123.jpg 3 0.912235 88 152 238 433
test123.jpg 0 0.792594 114 6 201 56
test124.jpg 3 0.913401 508 707 1292 1062
test125.jpg 2 0.814133 16 296 1080 1240
test126.jpg 0 0.925227 50 236 515 453
test127.jpg 3 0.936442 12 1040 772 1499
test128.jpg 0 0.928423 304 66 437 228
test129.jpg 3 0.872216 52 312 395 455
test129.jpg 0 0.922156 243 515 480 640
test130.jpg 1 0.718672 28 394 249 495
test131.jpg 3 0.877595 680 805 930 902
test131.jpg 0 0.907759 466 539 592 578
test131.jpg 0 0.775913 235 539 346 562
test132.jpg 2 0.955226 104 309 282 431
test133.jpg 2 0.793422 108 270 1200 1401
test134.jpg 3 0.860829 409 666 874 804
test135.jpg 2 0.944205 464 604 978 904
test136.jpg 0 0.961497 140 250 381 487
test136.jpg 0 0.925073 154 104 318 227
test137.jpg 2 0.903355 2 196 1068 1230
test138.jpg 0 0.942965 470 1017 1266 1603
test138.jpg 0 0.883349 808 797 1279 1099
test138.jpg 0 0.499432 369 761 706 901
test139.jpg 0 0.692812 232 642 596 805
test140.jpg 0 0.924979 59 125 272 220
test141.jpg 3 0.934763 37 841 1216 1660
test142.jpg 1 0.933831 226 447 444 612
test143.jpg 3 0.909435 364 693 676 823
test144.jpg 3 0.921158 419 1038 737 1234
test145.jpg 3 0.891256 339 705 768 948
test146.jpg 3 0.913096 347 878 707 1077
test147.jpg 2 0.961771 52 333 266 528
test148.jpg 4 0.847012 133 105 306 383
test149.jpg 3 0.900585 403 805 800 974
test149.jpg 0 0.738453 805 676 1035 735
test150.jpg 3 0.892234 322 466 733 668
test151.jpg 3 0.912988 462 1263 1278 1567
test151.jpg 0 0.891988 462 1040 947 1126
test152.png 4 0.658993 41 168 230 303
test153.jpg 3 0.931718 604 152 1464 823
test154.jpg 0 0.952244 125 355 980 1105
test155.jpg 3 0.81801 192 789 665 1277
test156.jpg 2 0.960607 102 157 260 270
test157.jpg 2 0.834822 50 174 908 1135
test158.jpg 2 0.929541 37 150 284 365
test159.jpg 0 0.936783 166 514 460 775
test160.jpg 0 0.925385 230 413 615 626
test161.jpg 2 0.931904 204 695 991 1421
test162.jpg 3 0.935289 248 503 806 917
test163.jpg 3 0.955962 91 152 269 327
test164.jpg 2 0.950243 115 119 324 275
test164.jpg 0 0.429326 0 30 54 96
test165.jpg 1 0.754798 499 606 599 704
test165.jpg 4 0.606482 209 642 495 799
test165.jpg 1 0.706482 256 529 415 661
test166.jpg 1 0.773468 80 208 472 554
test167.jpg 2 0.955378 96 289 273 448
test168.jpg 2 0.956621 103 163 289 312
test169.jpg 0 0.872796 156 31 402 242
test170.jpg 3 0.942667 106 272 266 384
test171.jpg 3 0.841647 187 355 765 698
test172.jpg 0 0.835814 303 1053 764 1385
test172.jpg 3 0.85714 450 595 1057 814
test173.jpg 0 0.940684 301 931 789 1290
test174.jpg 0 0.942938 182 525 821 926
test174.jpg 0 0.43491 0 384 276 540
test175.jpg 3 0.915409 102 370 259 438
test176.jpg 3 0.940433 70 147 263 313
test177.jpg 0 0.887616 10 119 534 637
test178.jpg 3 0.898112 258 429 1038 669
test179.jpg 2 0.921178 168 560 1079 1311
test180.jpg 3 0.796182 143 548 924 867
test181.jpg 2 0.947158 5 222 1023 1341
test182.jpg 3 0.940823 52 198 246 344
test182.jpg 0 0.629091 0 167 36 217
test183.jpg 2 0.947773 194 1117 647 1604
test184.jpg 3 0.853209 358 454 685 554
test185.jpg 0 0.919538 404 595 750 842
test186.jpg 1 0.91131 261 0 1461 805
test186.jpg 0 0.560078 0 130 216 864
test187.jpg 3 0.90912 310 58 850 321
test188.jpg 2 0.936323 258 634 786 1015
test189.jpg 0 0.917428 111 306 206 347
test190.jpg 2 0.936212 267 798 784 1265
test191.jpg 0 0.905811 233 808 532 949
test191.jpg 3 0.905811 485 973 1162 1393
test192.jpg 0 0.788861 392 318 805 440
test192.jpg 3 0.541414 342 471 898 811
test193.jpg 3 0.428366 33 119 275 335
test194.jpg 3 0.929905 61 639 1080 1439
test194.jpg 3 0.926332 111 70 1076 626
test195.jpg 1 0.871618 42 79 358 203
test196.jpg 3 0.924507 93 181 292 362
test196.jpg 4 0.924507 192 359 349 465
test197.jpg 3 0.944075 118 706 836 1388
test198.jpg 3 0.935019 94 448 1078 1098
test198.jpg 0 0.928706 331 59 1092 371
test199.jpg 0 0.915431 289 464 479 640
test199.jpg 3 0.910035 139 325 297 414
test200.jpg 0 0.933637 256 468 1042 926
test201.jpg 3 0.880297 488 638 853 851
test201.jpg 0 0.698665 0 439 172 485
test201.jpg 0 0.674418 193 514 398 581
test201.jpg 0 0.562943 214 401 364 438
test202.jpg 2 0.924918 201 579 853 957
test202.jpg 2 0.883193 426 1004 1079 1439
test203.jpg 1 0.843605 5 93 324 305
test204.jpg 2 0.908968 255 741 551 894
test205.jpg 1 0.923978 354 177 644 398
test205.jpg 0 0.823992 679 232 800 401
test206.jpg 2 0.94316 278 927 2186 3653
test207.jpg 3 0.942349 0 377 928 1132
test207.jpg 0 0.331509 0 374 281 856
test208.jpg 2 0.930286 86 104 360 391
test209.jpg 3 0.821252 185 589 819 957
test209.jpg 0 0.818968 54 576 947 1586
test210.jpg 2 0.949785 61 172 270 269
test211.jpg 2 0.8144 566 820 907 1007
test211.jpg 2 0.743681 90 907 585 1075
test212.jpg 2 0.960671 116 141 319 301
test213.jpg 0 0.638564 239 526 484 628
test213.jpg 3 0.572542 360 663 1041 1106
test214.jpg 0 0.872796 156 31 402 242
test215.jpg 2 0.952686 191 1030 724 1601
test216.jpg 0 0.937761 61 68 244 230
test217.jpg 2 0.875542 249 475 810 928
test218.jpg 0 0.940232 218 483 673 867
test219.jpg 1 0.938366 98 150 260 363
test219.jpg 0 0.720352 45 0 250 74
test220.jpg 3 0.929659 173 431 695 830
test221.jpg 1 0.944228 22 480 753 1180
test222.jpg 2 0.935941 159 302 422 570
test223.jpg 2 0.962509 265 535 871 1064
test223.jpg 3 0.911137 458 123 870 376
test224.jpg 0 0.915322 329 518 720 812
test225.jpg 1 0.941843 253 142 826 640
test226.jpg 3 0.941903 164 827 1014 1747
test227.jpg 0 0.952027 206 481 887 1148
test227.jpg 0 0.263678 792 0 1080 233
test228.jpg 0 0.946046 137 312 352 594
test228.jpg 0 0.92382 64 152 288 284
test229.jpg 0 0.844264 0 223 118 328
test229.jpg 0 0.789975 75 254 387 431
test229.jpg 0 0.730292 19 177 192 250
test229.jpg 3 0.589822 379 336 479 543
test230.jpg 3 0.936761 126 250 353 393
test230.jpg 0 0.82828 25 220 194 295
test230.jpg 0 0.60618 7 152 103 181
test231.jpg 0 0.916576 302 789 853 1007
test232.jpg 2 0.898427 118 575 862 1079
test233.jpg 0 0.753302 69 178 283 310
test233.jpg 0 0.701345 0 104 92 166
test233.jpg 0 0.536069 237 90 283 152
test234.jpg 3 0.939493 124 219 552 564
test235.jpg 3 0.919874 45 316 228 375
test236.jpg 1 0.338338 82 421 324 606
test237.jpg 3 0.897419 211 544 615 814
test237.jpg 0 0.873743 258 370 520 494
test238.jpg 2 0.944209 4 168 297 363
test239.jpg 3 0.943999 191 845 872 1177
test240.jpg 2 0.888749 402 824 975 1382
test241.jpg 3 0.938169 528 1308 1155 1619
test242.jpg 1 0.884463 12 1 719 576
test243.jpg 0 0.942136 223 421 926 1085
test244.jpg 3 0.935883 588 907 1030 1173
test244.jpg 0 0.859627 1011 692 1279 782
test245.jpg 3 0.452448 146 221 362 332
test246.jpg 0 0.883166 282 735 783 884
test246.jpg 2 0.883166 189 1027 982 1397
test247.jpg 0 0.900849 285 602 799 764
test248.jpg 0 0.924253 299 608 766 759
test249.jpg 1 0.912177 310 550 754 877
test250.jpg 3 0.945848 261 382 853 882
test251.jpg 3 0.863529 502 1613 1216 1902
test252.jpg 3 0.927656 239 466 627 729
test253.jpg 3 0.946852 215 886 948 1439
test254.jpg 0 0.927254 77 467 665 752
test255.jpg 3 0.756008 310 547 759 777
test255.jpg 0 0.756008 321 767 786 1059
test255.jpg 3 0.756008 359 444 595 579
test256.jpg 0 0.879111 65 446 221 509
test256.jpg 2 0.442417 451 404 562 437
test257.jpg 2 0.939551 117 280 226 404
test258.jpg 2 0.94254 83 546 932 1341
test259.jpg 3 0.927245 278 948 655 1204
test259.jpg 0 0.927245 160 570 294 606
test260.jpg 2 0.940758 2 215 1070 1328
test261.jpg 3 0.870162 337 928 835 1238
test262.jpg 3 0.822808 281 366 3215 2953
test263.jpg 4 0.914948 143 222 267 318
test264.jpg 0 0.929923 179 493 482 736
test265.jpg 1 0.953534 116 344 353 555
test265.jpg 0 0.914126 233 256 378 343
test266.jpg 0 0.950958 62 464 1071 978
test267.jpg 0 0.856861 9 272 645 576
test268.jpg 2 0.901612 804 1574 2802 3308
test268.jpg 0 0.901413 994 0 2423 1371
test269.jpg 0 0.930604 347 570 930 880
test270.jpg 0 0.917442 150 702 397 860
test270.jpg 0 0.89071 316 849 661 999
test271.jpg 3 0.903093 77 228 189 391
test272.jpg 3 0.907404 340 1018 1079 1349
test272.jpg 0 0.726128 760 844 1189 1014
test273.jpg 3 0.301948 39 54 241 162
test274.jpg 3 0.927076 318 898 662 1113
test275.jpg 2 0.964178 105 160 324 345
test276.jpg 2 0.887273 231 862 787 1144
test276.jpg 1 0.646366 0 468 208 544
test276.jpg 4 0.434588 628 529 921 603
test277.jpg 0 0.790044 263 118 339 157
test277.jpg 1 0.890044 77 238 236 377
test278.jpg 0 0.95015 0 1000 597 1439
test278.jpg 0 0.838987 23 456 387 619
test278.jpg 4 0.819192 475 484 828 680
test279.jpg 0 0.913005 226 513 838 886
test280.jpg 4 0.924418 82 263 1014 1130
test281.jpg 3 0.90299 423 1088 998 1515
test281.jpg 0 0.728209 797 1404 1279 1705
test281.jpg 0 0.613557 67 1571 767 1706
test282.jpg 2 0.957093 222 562 907 1138
test283.jpg 3 0.9282 388 1613 1040 1910
test284.jpg 0 0.937211 171 472 556 676
test284.jpg 0 0.876742 440 374 625 442
test285.jpg 0 0.922036 308 452 789 685
test285.jpg 0 0.831758 0 414 203 738
test286.jpg 2 0.937942 354 345 1021 875
test287.jpg 0 0.963089 201 324 803 899
test288.jpg 0 0.912816 277 461 479 639
test288.jpg 0 0.876713 132 311 287 403
test289.jpg 3 0.489145 166 1055 737 1221
test290.jpg 3 0.939884 239 277 596 571
test290.jpg 0 0.907616 464 17 661 110
test290.jpg 0 0.657736 186 70 391 209
test291.jpg 0 0.894408 263 657 478 755
test291.jpg 3 0.853858 329 784 638 970
test292.jpg 0 0.913221 421 512 1080 810
test292.jpg 3 0.75261 427 408 843 524
test292.jpg 1 0.354029 706 374 1038 472
test292.jpg 3 0.288814 811 438 1076 543
test293.jpg 3 0.937785 274 966 717 1263
test294.jpg 2 0.886847 275 982 2504 3115
test295.jpg 1 0.966887 140 248 532 597
test296.jpg 3 0.928224 318 1643 1096 2056
test297.jpg 0 0.932442 10 981 1080 1438
test297.jpg 0 0.855537 207 451 848 728
test297.jpg 0 0.732442 1 130 327 220
test297.jpg 0 0.93537 524 132 977 212
test297.jpg 0 0.902442 568 1 762 41
test297.jpg 0 0.899537 175 2 407 58
test297.jpg 0 0.732442 1 377 303 880
test298.jpg 0 0.901465 13 218 1075 1171
test299.jpg 3 0.663808 318 1498 817 1746
test300.jpg 0 0.94212 0 872 1076 1530
test301.jpg 0 0.9218 253 661 528 812
test301.jpg 0 0.852223 20 555 199 619
test302.jpg 0 0.932757 100 210 382 430
test302.jpg 4 0.728173 214 61 419 148
test303.jpg 2 0.889114 133 275 250 419
test303.jpg 0 0.772184 199 171 281 203
test303.jpg 0 0.765843 263 307 392 417
test303.jpg 0 0.639219 1 193 51 247
test304.jpg 1 0.952192 197 161 552 477
test305.jpg 1 0.907219 22 66 297 297
test306.jpg 2 0.441675 65 711 669 1302
test307.jpg 2 0.799744 248 537 470 618
test308.jpg 3 0.878721 201 1424 978 1753
test308.jpg 3 0.798721 454 1193 1015 1361
test309.jpg 0 0.900958 121 250 924 1173
test310.jpg 0 0.953585 118 538 973 1136
test311.jpg 0 0.954938 141 857 887 1489
test312.jpg 0 0.951071 0 513 1075 1244
test313.jpg 4 0.47372 428 397 736 576
test314.jpg 3 0.858258 246 1509 2842 3176
test315.jpg 2 0.865742 213 1196 654 1416
test316.jpg 3 0.835176 56 50 1050 1354
test317.jpg 1 0.880254 105 65 558 503
test318.jpg 2 0.903254 8 361 1051 1544
test319.jpg 3 0.925775 477 658 1200 1079
test320.jpg 3 0.836322 301 360 789 518
test320.jpg 0 0.774528 4 328 309 502
test320.jpg 4 0.874528 478 642 619 856
test321.jpg 1 0.914656 51 258 205 400
test321.jpg 0 0.894656 123 432 308 593
test322.jpg 1 0.886746 539 441 855 585
test323.jpg 3 0.948407 42 143 265 312
test324.jpg 2 0.944334 145 476 931 1186
test325.jpg 0 0.938576 219 613 757 968
test326.jpg 1 0.931813 60 198 235 347
test327.jpg 0 0.917961 112 367 1064 834
test328.jpg 3 0.920199 474 1205 2718 3178
test329.jpg 2 0.70745 11 400 1074 935
test329.jpg 3 0.576223 357 111 830 432
test330.jpg 3 0.897994 285 410 672 568
test330.jpg 2 0.897994 458 210 688 282
test331.jpg 1 0.924951 75 20 252 180
test332.jpg 2 0.887239 219 307 956 1404
test333.jpg 3 0.940583 129 266 305 458
test333.jpg 0 0.940583 172 216 306 286
test334.jpg 1 0.90891 440 411 619 506
test334.jpg 0 0.601364 425 354 551 415
test335.jpg 2 0.914861 205 793 821 1254
test336.jpg 3 0.805309 114 392 897 702
test336.jpg 0 0.729995 130 391 902 700
test337.jpg 0 0.842351 58 221 208 297
test338.jpg 2 0.915798 31 165 330 478
test339.jpg 2 0.952733 44 158 288 300
test34.jpg 0 0.6704024 260 819 785 977
test340.jpg 3 0.875154 275 1078 840 1429
test340.jpg 0 0.865561 2 1179 300 1469
test341.jpg 2 0.962559 85 134 388 342
test342.jpg 2 0.93456 463 187 796 521
test343.jpg 2 0.882117 242 750 506 856
test344.jpg 2 0.958234 78 165 234 296
test345.jpg 3 0.896016 440 847 820 1080
test346.jpg 3 0.912646 220 407 729 699
test347.jpg 4 0.894415 277 343 458 476
test347.jpg 0 0.803771 148 333 329 443
test347.jpg 2 0.787315 422 363 716 517
test348.jpg 3 0.868691 171 115 777 710
test349.jpg 0 0.893933 239 434 483 554
