test0.jpg 2 0.9114677906036377 61 233 328 486
test1.jpg 3 0.7922083139419556 255 435 1079 1388
test2.jpg 1 0.8871768116950989 112 261 482 612
test3.jpg 2 0.8899223208427429 106 136 338 293
test4.jpg 0 0.8552536964416504 176 372 878 825
test4.jpg 0 0.6584663391113281 146 154 413 264
test4.jpg 0 0.5049529671669006 218 40 406 111
test4.jpg 0 0.26461291313171387 213 26 411 124
test5.jpg 4 0.7203202247619629 237 387 820 670
test6.jpg 2 0.8900204300880432 77 232 265 354
test7.jpg 3 0.8138517737388611 2 340 917 1043
test8.jpg 3 0.8923375010490417 110 5 1427 1004
test9.jpg 0 0.7654779553413391 656 52 1079 389
test9.jpg 3 0.7363654375076294 46 270 768 1248
test9.jpg 3 0.39376160502433777 64 597 753 1247
test10.jpg 3 0.8511534333229065 145 195 386 338
test10.jpg 3 0.6943541169166565 58 158 170 199
test10.jpg 0 0.6821959018707275 60 181 215 253
test11.jpg 3 0.9073859453201294 76 210 1024 1158
test12.jpg 3 0.8770202994346619 545 1994 2311 3518
test13.jpg 3 0.9019836187362671 55 114 262 360
test14.jpg 3 0.9133701324462891 0 12 361 427
test15.jpg 2 0.9038877487182617 30 0 1080 1317
test16.jpg 0 0.8348323702812195 0 463 261 638
test17.jpg 2 0.9066158533096313 230 424 737 1083
test18.jpg 3 0.9045497179031372 45 138 322 282
test19.jpg 3 0.9100496172904968 77 120 282 343
test20.jpg 3 0.8586079478263855 120 378 966 835
test20.jpg 0 0.6855688691139221 673 92 1075 251
test20.jpg 0 0.6503231525421143 629 745 1080 1340
test21.jpg 3 0.7454860806465149 62 200 185 326
test21.jpg 0 0.7051442861557007 0 149 80 213
test21.jpg 4 0.4452991783618927 58 199 185 326
test22.jpg 3 0.9068594574928284 0 724 711 1437
test23.jpg 3 0.8724170923233032 288 619 740 885
test24.jpg 3 0.9067612886428833 140 411 848 990
test25.jpg 3 0.8129457831382751 105 146 368 411
test26.jpg 3 0.6606547832489014 234 720 710 889
test26.jpg 3 0.3541678786277771 229 695 1067 986
test26.jpg 3 0.3253335952758789 238 708 912 929
test26.jpg 0 0.2674989700317383 1 619 490 835
test27.jpg 3 0.8300776481628418 258 874 894 1428
test28.jpg 3 0.8178854584693909 299 617 875 997
test28.jpg 0 0.7443010807037354 186 468 788 643
test28.jpg 0 0.6110945343971252 499 480 786 628
test29.jpg 0 0.6821687817573547 102 395 871 1053
test29.jpg 4 0.6391261219978333 133 402 888 1048
test30.jpg 3 0.8804658055305481 186 598 753 1066
test31.jpg 3 0.6747546792030334 0 810 837 1681
test32.jpg 3 0.8804920315742493 70 251 308 466
test33.jpg 2 0.8518599271774292 69 326 250 434
test33.jpg 0 0.597290575504303 65 256 197 313
test33.jpg 0 0.49896490573883057 14 214 112 246
test34.jpg 3 0.8267093300819397 230 941 738 1233
test34.jpg 0 0.735363781452179 288 803 748 990
test34.jpg 0 0.6093464493751526 0 725 198 842
test34.jpg 3 0.5095095038414001 282 800 748 986
test34.jpg 0 0.47590845823287964 292 642 440 723
test34.jpg 0 0.2641301155090332 111 896 246 1046
test35.jpg 2 0.925565779209137 122 133 355 336
test36.jpg 0 0.8240638375282288 65 216 227 335
test36.jpg 0 0.7615287899971008 190 135 283 190
test36.jpg 0 0.7011268734931946 5 94 91 139
test37.jpg 3 0.837803304195404 0 437 1057 1346
test38.jpg 3 0.8410111665725708 0 325 1080 1033
test39.jpg 0 0.8732113838195801 191 427 927 1152
test40.jpg 2 0.865507185459137 259 789 3103 2584
test41.jpg 3 0.8753958940505981 192 1234 703 1662
test42.jpg 2 0.9040669798851013 87 1044 597 1421
test43.jpg 3 0.8973731398582458 187 140 539 420
test44.jpg 3 0.8147692084312439 398 1159 840 1339
test45.jpg 2 0.8843131065368652 188 167 459 390
test46.jpg 0 0.7920122742652893 160 252 395 367
test46.jpg 0 0.7250872254371643 55 235 217 304
test46.jpg 3 0.6208752393722534 44 215 154 255
test46.jpg 3 0.45873892307281494 46 213 221 306
test46.jpg 3 0.30768752098083496 50 218 178 261
test46.jpg 3 0.2569391429424286 46 209 209 280
test47.jpg 3 0.7514477372169495 117 596 648 723
test48.jpg 3 0.8919156789779663 69 370 727 890
test49.jpg 3 0.9296164512634277 112 299 1033 1120
test50.jpg 2 0.8932743668556213 76 252 233 371
test51.jpg 1 0.8747857213020325 170 111 435 329
test52.jpg 0 0.8418981432914734 0 343 1010 1176
test53.jpg 3 0.9091662764549255 175 599 1030 1212
test54.jpg 3 0.8113421201705933 601 727 894 889
test54.jpg 0 0.7943495512008667 412 1018 998 1462
test55.jpg 0 0.8307176828384399 0 78 1042 958
test56.jpg 0 0.7590675950050354 215 279 317 361
test57.jpg 1 0.8626545667648315 72 132 459 387
test58.jpg 4 0.5923307538032532 88 148 309 300
test58.jpg 0 0.5769495964050293 60 41 203 114
test58.jpg 0 0.41065260767936707 15 0 151 26
test58.jpg 4 0.3727897107601166 54 40 202 116
test59.jpg 2 0.8917750716209412 185 177 409 360
test59.jpg 0 0.7262765169143677 272 36 401 105
test60.jpg 0 0.791433572769165 174 289 896 692
test61.jpg 3 0.7612453699111938 72 903 796 1299
test61.jpg 2 0.5122626423835754 73 899 797 1299
test62.jpg 3 0.9210060834884644 30 161 287 384
test63.jpg 3 0.8385129570960999 1 605 609 1138
test63.jpg 0 0.5705000758171082 53 278 503 535
test63.jpg 4 0.4218181371688843 53 247 499 532
test63.jpg 0 0.3194933235645294 54 344 505 520
test64.jpg 0 0.7980121374130249 255 424 841 878
test65.jpg 0 0.8452830910682678 49 112 284 215
test66.jpg 0 0.7772358059883118 62 410 741 920
test67.jpg 0 0.8423417806625366 28 91 288 219
test68.jpg 0 0.8620495796203613 29 302 681 1047
test68.jpg 0 0.8398037552833557 592 291 1080 944
test69.jpg 0 0.8437315821647644 277 946 783 1270
test69.jpg 2 0.7295870184898376 147 746 558 955
test69.jpg 0 0.7106724381446838 71 618 386 767
test70.jpg 0 0.8555859923362732 93 329 1035 930
test71.jpg 1 0.8377625942230225 406 499 657 623
test72.jpg 1 0.8586333990097046 1234 1731 2490 3175
test72.jpg 1 0.8473533391952515 2409 1768 3453 2890
test73.jpg 0 0.816298246383667 119 180 284 283
test74.jpg 0 0.8156429529190063 250 513 1074 849
test75.jpg 0 0.7447694540023804 312 331 723 547
test75.jpg 3 0.5688073039054871 0 537 1076 1080
test76.jpg 1 0.8520684838294983 325 611 776 886
test76.jpg 0 0.4468354284763336 816 234 981 280
test76.jpg 0 0.3691946864128113 786 108 909 157
test76.jpg 0 0.3061222732067108 687 272 835 331
test76.jpg 0 0.27729445695877075 748 151 868 192
test77.jpg 2 0.8697858452796936 112 224 255 312
test77.jpg 4 0.6858484745025635 22 182 142 250
test77.jpg 0 0.4493803381919861 0 168 26 200
test77.jpg 0 0.3682587146759033 27 186 141 246
test78.jpg 0 0.714840829372406 94 207 327 392
test79.jpg 2 0.8520105481147766 107 365 945 1369
test80.jpg 2 0.7695041298866272 6 367 905 1355
test81.jpg 3 0.8311988711357117 261 247 786 521
test82.jpg 3 0.8764871954917908 259 405 880 897
test83.jpg 0 0.8713613748550415 174 378 971 1071
test83.jpg 0 0.8245611190795898 133 1024 1080 1469
test83.jpg 0 0.7404518723487854 0 425 213 1096
test84.jpg 3 0.9085131287574768 0 0 4560 2422
test85.jpg 3 0.860916793346405 132 319 375 454
test86.jpg 0 0.8149935603141785 0 420 959 1015
test87.jpg 3 0.8994267582893372 77 224 280 408
test87.jpg 0 0.5864812135696411 221 30 336 94
test87.jpg 0 0.41211017966270447 212 22 342 104
test88.jpg 1 0.8836236000061035 363 242 658 445
test89.jpg 2 0.9399604201316833 143 632 964 1412
test90.jpg 0 0.8686563968658447 52 226 496 537
test91.jpg 1 0.8259881138801575 52 137 306 229
test92.jpg 3 0.9019836187362671 55 114 262 360
test93.jpg 3 0.8992319107055664 35 571 956 1235
test94.jpg 0 0.8419411182403564 116 254 328 399
test94.jpg 0 0.7614881992340088 0 241 169 337
test94.jpg 0 0.5436657071113586 0 185 36 228
test95.jpg 3 0.8165968656539917 653 563 926 680
test95.jpg 0 0.7590764760971069 647 733 1056 1048
test95.jpg 0 0.26041921973228455 0 1341 728 1878
test96.jpg 2 0.8456549644470215 437 821 730 975
test97.jpg 4 0.8101915121078491 82 464 780 1032
test97.jpg 3 0.8025548458099365 522 321 875 497
test98.jpg 3 0.6843796372413635 515 235 726 299
test99.jpg 2 0.9197180867195129 84 199 375 433
test100.jpg 4 0.751335620880127 0 256 204 340
test101.jpg 2 0.8842042088508606 69 277 253 399
test101.jpg 2 0.34948548674583435 118 66 225 154
test102.jpg 3 0.7747462391853333 337 1242 890 1505
test103.jpg 3 0.8747152090072632 0 0 809 907
test104.jpg 3 0.8378502130508423 197 643 941 1099
test104.jpg 0 0.7874575853347778 68 1046 1072 1844
test105.jpg 3 0.8057935833930969 0 344 1061 1690
test106.jpg 2 0.564213752746582 74 360 1077 1175
test106.jpg 3 0.5187760591506958 63 352 1080 1177
test107.jpg 0 0.781373143196106 139 275 257 357
test107.jpg 0 0.2977304756641388 127 0 160 31
test108.jpg 2 0.9261035323143005 80 1189 864 1907
test109.jpg 3 0.7918215990066528 338 173 767 355
test109.jpg 0 0.7618101239204407 0 798 481 1245
test109.jpg 0 0.6102993488311768 613 125 884 244
test109.jpg 0 0.47100022435188293 0 114 477 323
test110.jpg 3 0.8166304230690002 112 314 210 354
test111.jpg 2 0.8642917275428772 111 459 912 1225
test112.jpg 3 0.8573741912841797 448 359 873 601
test112.jpg 0 0.3126475512981415 140 199 642 378
test113.jpg 0 0.8576722741127014 324 937 964 1291
test113.jpg 0 0.6789302229881287 486 1115 1080 1470
test114.jpg 3 0.8917871117591858 67 230 264 454
test115.jpg 2 0.8607863783836365 99 229 262 384
test116.jpg 2 0.8006331324577332 38 479 169 540
test117.jpg 3 0.8356094360351562 662 873 1058 1130
test118.jpg 0 0.850448489189148 28 398 1059 1026
test119.jpg 0 0.8986295461654663 24 280 1054 1285
test120.jpg 2 0.9124466776847839 78 253 370 486
test121.jpg 3 0.8804358839988708 72 443 732 881
test122.jpg 0 0.8591997623443604 139 303 772 838
test123.jpg 3 0.890250027179718 84 142 239 432
test123.jpg 0 0.790621817111969 110 0 206 65
test124.jpg 3 0.8931466341018677 490 683 1308 1056
test125.jpg 2 0.8051947355270386 11 243 1080 1210
test126.jpg 0 0.8627962470054626 42 221 516 466
test127.jpg 3 0.8542174100875854 17 1005 786 1502
test128.jpg 0 0.8401618599891663 297 50 447 234
test128.jpg 0 0.45346003770828247 216 0 272 54
test128.jpg 0 0.37143760919570923 208 0 277 63
test129.jpg 3 0.8445086479187012 49 306 400 464
test129.jpg 0 0.691396951675415 226 502 479 638
test130.jpg 3 0.41042637825012207 30 387 256 467
test130.jpg 4 0.38069891929626465 25 388 256 467
test130.jpg 1 0.3724929392337799 20 383 257 473
test131.jpg 3 0.8374336361885071 672 793 944 908
test131.jpg 0 0.3397100567817688 461 530 582 581
test132.jpg 2 0.8870970606803894 94 303 288 433
test133.jpg 2 0.8091707825660706 6 244 1199 1452
test133.jpg 3 0.4237082302570343 34 242 1200 1492
test134.jpg 3 0.7768486142158508 405 661 886 811
test135.jpg 2 0.8972352743148804 446 590 989 904
test136.jpg 0 0.7697018980979919 147 89 336 240
test136.jpg 0 0.7343462705612183 119 229 390 504
test137.jpg 2 0.9556180238723755 0 128 1077 1260
test138.jpg 0 0.8352399468421936 397 944 1270 1635
test138.jpg 0 0.7900911569595337 774 729 1277 1084
test138.jpg 0 0.7259594798088074 366 722 714 929
test138.jpg 0 0.2822266221046448 761 387 892 507
test139.jpg 0 0.8089344501495361 215 627 618 827
test140.jpg 0 0.8410509824752808 47 116 281 233
test141.jpg 3 0.8543550372123718 25 811 1214 1638
test142.jpg 1 0.8874541521072388 212 444 452 611
test143.jpg 3 0.8314592242240906 363 686 683 829
test144.jpg 3 0.8675859570503235 410 1026 745 1236
test145.jpg 3 0.8556873798370361 330 675 776 961
test146.jpg 3 0.8525745272636414 337 863 714 1082
test147.jpg 2 0.9373891353607178 49 327 280 526
test148.jpg 0 0.6545817852020264 115 88 314 398
test149.jpg 3 0.8393764495849609 387 782 809 1023
test149.jpg 0 0.515413761138916 798 654 1042 749
test149.jpg 0 0.343129962682724 791 637 1047 772
test150.jpg 3 0.820038914680481 308 441 739 682
test151.jpg 3 0.8138406276702881 451 1250 1276 1584
test151.jpg 0 0.47746312618255615 452 1017 1062 1150
test152.png 4 0.8120628595352173 32 156 253 314
test153.jpg 0 0.8517627716064453 621 145 1510 843
test154.jpg 0 0.8280029296875 95 288 1007 1169
test154.jpg 3 0.2941005229949951 527 1622 701 1769
test155.jpg 3 0.8321439623832703 177 814 688 1279
test156.jpg 2 0.8891589045524597 101 150 267 275
test157.jpg 2 0.8964517116546631 4 121 970 1183
test158.jpg 2 0.8904668092727661 36 131 293 376
test159.jpg 0 0.855711817741394 167 508 472 784
test160.jpg 0 0.8534695506095886 229 406 621 640
test161.jpg 2 0.8805737495422363 202 667 1013 1419
test162.jpg 3 0.8783623576164246 241 486 825 934
test163.jpg 3 0.9011930823326111 88 145 279 331
test164.jpg 2 0.8799823522567749 113 114 329 276
test164.jpg 0 0.4939107596874237 0 25 56 103
test165.jpg 1 0.8504390120506287 257 526 410 664
test165.jpg 4 0.7485380172729492 493 594 600 713
test165.jpg 4 0.6293076276779175 214 671 471 800
test165.jpg 0 0.32387182116508484 223 669 452 800
test166.jpg 1 0.8945228457450867 74 184 473 561
test167.jpg 2 0.90311199426651 87 283 281 448
test168.jpg 2 0.8996010422706604 90 156 291 316
test169.jpg 0 0.7575461268424988 139 32 411 245
test170.jpg 3 0.8775243759155273 102 266 270 389
test171.jpg 3 0.8305569887161255 161 336 767 697
test172.jpg 3 0.7375830411911011 447 576 1082 838
test172.jpg 0 0.25443631410598755 253 1059 768 1389
test173.jpg 0 0.8621666431427002 297 911 801 1302
test174.jpg 0 0.8790721297264099 172 513 835 948
test174.jpg 0 0.5887225866317749 1 422 274 551
test174.jpg 0 0.386412113904953 0 923 253 1360
test175.jpg 3 0.81233811378479 91 364 263 441
test176.jpg 3 0.8475345373153687 69 134 269 323
test177.jpg 0 0.9065085649490356 3 74 540 665
test178.jpg 3 0.8193238377571106 255 415 1038 676
test179.jpg 2 0.7536264657974243 166 534 1080 1322
test180.jpg 0 0.8409509062767029 143 519 949 886
test181.jpg 2 0.8991360068321228 0 39 1035 1360
test182.jpg 3 0.8703130483627319 50 190 249 352
test182.jpg 0 0.4283011257648468 0 164 44 220
test183.jpg 2 0.899188220500946 189 1102 657 1622
test184.jpg 3 0.7713785171508789 356 447 692 563
test185.jpg 0 0.8455832600593567 401 590 757 850
test186.jpg 1 0.8870559930801392 207 0 1551 798
test186.jpg 0 0.27652707695961 0 73 251 822
test186.jpg 0 0.2696259021759033 0 143 212 680
test187.jpg 3 0.8530498147010803 279 7 872 366
test188.jpg 2 0.8720120787620544 243 614 810 1028
test188.jpg 3 0.48878613114356995 844 835 1079 1440
test189.jpg 0 0.5362924933433533 109 302 211 351
test189.jpg 0 0.40645167231559753 102 295 217 358
test190.jpg 2 0.8232150077819824 252 770 780 1282
test191.jpg 3 0.8419374227523804 460 944 1187 1409
test192.jpg 3 0.8120526075363159 327 438 898 827
test192.jpg 0 0.6931862235069275 376 301 822 462
test192.jpg 0 0.26640498638153076 383 309 724 432
test193.jpg 3 0.9228719472885132 21 109 278 339
test194.jpg 0 0.77358478307724 25 504 1080 1440
test194.jpg 4 0.6196049451828003 72 7 1070 699
test194.jpg 0 0.5408555269241333 87 6 1080 703
test195.jpg 1 0.8245519995689392 14 62 352 211
test196.jpg 3 0.8635672926902771 88 174 291 362
test196.jpg 0 0.7282932996749878 178 338 349 464
test197.jpg 3 0.8804224729537964 116 676 834 1401
test198.jpg 0 0.8074053525924683 40 387 1131 1119
test198.jpg 0 0.6610274910926819 322 9 1159 426
test199.jpg 3 0.8031872510910034 132 319 303 416
test199.jpg 0 0.7490594387054443 271 452 480 640
test200.jpg 0 0.8311824202537537 236 434 1046 938
test201.jpg 3 0.7020162343978882 483 624 865 854
test201.jpg 0 0.547584593296051 184 497 401 590
test201.jpg 0 0.4479098618030548 0 422 180 500
test201.jpg 0 0.4084189236164093 208 383 367 450
test202.jpg 2 0.8703920841217041 409 956 1080 1440
test202.jpg 2 0.8554953932762146 181 544 858 969
test203.jpg 1 0.9001167416572571 4 82 328 311
test204.jpg 2 0.8481228351593018 256 730 557 896
test205.jpg 1 0.8887298107147217 348 177 650 400
test205.jpg 0 0.6319704651832581 673 219 800 401
test206.jpg 2 0.9091967940330505 36 826 2228 3708
test207.jpg 3 0.849517822265625 0 392 940 1151
test207.jpg 0 0.5180009603500366 0 350 305 801
test208.jpg 2 0.8795080780982971 74 96 362 408
test209.jpg 3 0.8438131213188171 169 565 827 967
test209.jpg 0 0.7891086339950562 63 920 943 1621
test210.jpg 2 0.8767798542976379 57 163 273 275
test211.jpg 2 0.5730004906654358 569 830 928 1019
test211.jpg 2 0.3572710454463959 82 932 501 1075
test212.jpg 2 0.8975270986557007 112 133 327 307
test213.jpg 3 0.8139755129814148 355 650 921 998
test213.jpg 0 0.6840224266052246 236 517 492 649
test214.jpg 0 0.7575461268424988 139 32 411 245
test215.jpg 2 0.9083676338195801 178 1003 728 1622
test216.jpg 0 0.8625239133834839 59 56 247 237
test217.jpg 3 0.7070783376693726 293 440 806 941
test217.jpg 2 0.5163599252700806 280 436 799 937
test218.jpg 0 0.8474854230880737 202 458 704 875
test219.jpg 1 0.8930439949035645 95 152 261 363
test219.jpg 0 0.707711935043335 39 0 261 80
test220.jpg 3 0.8746114373207092 153 420 681 843
test221.jpg 1 0.92811119556427 10 428 770 1187
test222.jpg 2 0.8844853639602661 159 292 427 589
test223.jpg 2 0.8657082915306091 248 522 893 1082
test223.jpg 3 0.7570354342460632 449 111 886 388
test223.jpg 0 0.5730913877487183 447 93 872 402
test224.jpg 0 0.7880403995513916 307 502 741 823
test225.jpg 1 0.8930826187133789 236 132 837 651
test226.jpg 3 0.9088813066482544 173 801 1028 1764
test227.jpg 0 0.8673447370529175 204 430 912 1167
test227.jpg 0 0.6891011595726013 778 0 1079 258
test228.jpg 0 0.8537669777870178 59 143 295 299
test228.jpg 0 0.8246555328369141 128 294 352 613
test229.jpg 0 0.8120514750480652 13 160 202 259
test229.jpg 0 0.7777149677276611 0 212 124 331
test229.jpg 3 0.6746543645858765 383 317 480 561
test229.jpg 0 0.6200733780860901 72 231 412 446
test229.jpg 3 0.49829909205436707 0 157 201 349
test230.jpg 3 0.8661724925041199 118 238 359 401
test230.jpg 0 0.7821693420410156 13 207 207 306
test230.jpg 0 0.666078507900238 115 238 361 404
test230.jpg 0 0.644328773021698 3 141 105 192
test231.jpg 0 0.7705556154251099 277 777 857 1011
test232.jpg 2 0.8592368364334106 31 546 864 1106
test233.jpg 0 0.8452112078666687 65 167 285 321
test233.jpg 0 0.7718323469161987 0 94 100 172
test233.jpg 0 0.5864205956459045 237 89 285 157
test234.jpg 3 0.898285984992981 123 222 567 577
test235.jpg 3 0.8442090153694153 42 313 232 378
test236.jpg 1 0.8046552538871765 73 415 335 608
test237.jpg 3 0.8289400339126587 216 535 611 809
test237.jpg 0 0.7431299686431885 259 361 515 502
test238.jpg 2 0.9122655391693115 0 157 303 364
test239.jpg 3 0.8746066689491272 179 819 894 1188
test240.jpg 2 0.8713088035583496 392 807 945 1390
test241.jpg 3 0.8352574110031128 520 1279 1157 1632
test242.jpg 1 0.9346773624420166 0 0 720 576
test243.jpg 0 0.8649914860725403 194 382 929 1110
test244.jpg 3 0.859828770160675 578 897 1045 1181
test244.jpg 0 0.6623257994651794 1006 678 1279 798
test245.jpg 3 0.6332196593284607 134 215 370 342
test246.jpg 0 0.8164476156234741 270 714 790 890
test247.jpg 0 0.8284783959388733 287 578 808 764
test247.jpg 0 0.2659074664115906 0 437 183 630
test248.jpg 0 0.8136304616928101 293 586 778 762
test249.jpg 1 0.829575777053833 314 538 761 893
test250.jpg 3 0.87613844871521 239 364 853 903
test251.jpg 3 0.8398314118385315 487 1554 1251 1947
test252.jpg 3 0.857610821723938 232 463 636 741
test253.jpg 3 0.921890914440155 200 862 981 1440
test254.jpg 0 0.8027506470680237 55 464 684 775
test255.jpg 3 0.8299453854560852 294 523 729 790
test255.jpg 0 0.7616338729858398 304 739 821 1079
test255.jpg 0 0.6240218281745911 343 432 592 577
test256.jpg 0 0.6673774719238281 62 436 226 514
test256.jpg 2 0.40008294582366943 453 388 568 443
test257.jpg 2 0.8578007221221924 110 273 230 414
test258.jpg 2 0.9348341226577759 73 505 986 1351
test259.jpg 3 0.8815948963165283 267 932 676 1228
test259.jpg 0 0.5224200487136841 134 555 299 628
test259.jpg 0 0.3117758631706238 155 562 298 621
test260.jpg 2 0.8491652607917786 0 140 1080 1356
test261.jpg 3 0.8526929020881653 312 908 844 1297
test262.jpg 3 0.8776347041130066 256 159 3331 3007
test262.jpg 1 0.33624154329299927 151 984 2613 2998
test263.jpg 0 0.8473392724990845 140 215 271 323
test264.jpg 0 0.7915832996368408 168 469 486 742
test265.jpg 1 0.835223376750946 112 334 356 557
test265.jpg 0 0.738093912601471 228 248 382 351
test266.jpg 0 0.8564720153808594 12 437 1075 1012
test267.jpg 0 0.8091287016868591 1 265 663 599
test268.jpg 2 0.7702188491821289 779 1434 2806 3315
test268.jpg 1 0.7111198902130127 945 0 2426 1442
test268.jpg 0 0.5138624906539917 967 0 2468 1441
test269.jpg 0 0.809891939163208 334 534 982 905
test270.jpg 0 0.8209499716758728 140 693 392 866
test270.jpg 0 0.7667585611343384 305 834 679 1000
test271.jpg 3 0.8362839818000793 74 220 193 395
test272.jpg 3 0.8534720540046692 343 1008 1064 1361
test272.jpg 0 0.6811651587486267 753 852 1218 1023
test273.jpg 4 0.6118694543838501 43 38 256 164
test273.jpg 0 0.2791578471660614 44 40 249 120
test274.jpg 3 0.8473907113075256 320 886 674 1106
test275.jpg 2 0.9230195879936218 101 152 327 352
test276.jpg 2 0.7367427349090576 205 835 802 1144
test276.jpg 0 0.6478661298751831 3 458 209 550
test276.jpg 0 0.6465610861778259 620 513 920 617
test277.jpg 1 0.875357985496521 70 231 237 381
test277.jpg 0 0.6526650786399841 260 114 341 162
test278.jpg 0 0.8664698004722595 0 977 618 1440
test278.jpg 0 0.7713183164596558 13 428 400 640
test278.jpg 4 0.6572279930114746 454 453 859 723
test278.jpg 0 0.5674636363983154 460 475 842 712
test278.jpg 0 0.2841026782989502 363 789 478 941
test279.jpg 0 0.8426936864852905 229 492 853 915
test279.jpg 0 0.43675607442855835 800 131 969 198
test280.jpg 0 0.764945924282074 72 173 1013 1158
test281.jpg 3 0.8471683859825134 412 1055 1005 1514
test281.jpg 0 0.6400660276412964 778 1369 1279 1706
test281.jpg 0 0.3924640417098999 0 1538 887 1705
test281.jpg 0 0.316963791847229 169 1553 791 1706
test282.jpg 2 0.9287474155426025 211 549 938 1158
test283.jpg 3 0.8341785669326782 383 1586 1050 1930
test283.jpg 0 0.40077534317970276 913 1810 1279 2133
test283.jpg 0 0.2970918118953705 778 1212 1022 1298
test284.jpg 0 0.8445630073547363 172 462 564 688
test284.jpg 0 0.7342225313186646 438 367 630 448
test285.jpg 0 0.8468714356422424 288 433 805 705
test285.jpg 0 0.7097555994987488 0 400 225 756
test286.jpg 2 0.8945257067680359 340 323 1041 875
test287.jpg 0 0.8151206374168396 199 300 828 922
test288.jpg 0 0.7669088244438171 123 297 300 411
test288.jpg 0 0.7446202039718628 258 445 479 640
test289.jpg 3 0.8095128536224365 159 1010 748 1241
test289.jpg 0 0.36693036556243896 0 1321 139 1553
test290.jpg 3 0.8867073655128479 237 270 590 576
test290.jpg 0 0.8086914420127869 165 61 393 215
test290.jpg 0 0.7741334438323975 458 8 664 123
test291.jpg 3 0.7697277665138245 294 770 645 980
test291.jpg 0 0.7065368890762329 257 649 492 765
test292.jpg 0 0.8126974105834961 427 473 1080 862
test292.jpg 3 0.713935136795044 443 396 876 543
test292.jpg 0 0.6266803741455078 812 406 1080 573
test292.jpg 3 0.34204649925231934 442 396 746 516
test292.jpg 0 0.2815295159816742 521 310 815 404
test293.jpg 3 0.8742977380752563 255 941 740 1310
test294.jpg 2 0.9155511856079102 253 762 2731 3165
test295.jpg 1 0.8468635082244873 119 224 542 602
test296.jpg 3 0.8575462102890015 309 1607 1103 2077
test297.jpg 0 0.8318309783935547 0 912 1080 1440
test297.jpg 0 0.8099902868270874 201 440 860 717
test297.jpg 0 0.7522125244140625 0 341 316 870
test297.jpg 0 0.6904085874557495 505 115 982 218
test297.jpg 0 0.46304312348365784 479 57 608 109
test298.jpg 0 0.8869149088859558 0 102 1080 1283
test299.jpg 0 0.8031156659126282 320 1488 821 1769
test299.jpg 0 0.5290072560310364 257 1435 832 1791
test300.jpg 0 0.7736096382141113 2 771 1059 1584
test301.jpg 0 0.7895262837409973 246 655 537 824
test301.jpg 0 0.6881710290908813 16 545 200 627
test301.jpg 0 0.4787253141403198 160 826 286 938
test302.jpg 0 0.7504286170005798 215 47 433 157
test302.jpg 0 0.6970923542976379 78 188 393 446
test302.jpg 0 0.35551318526268005 407 2 479 79
test303.jpg 0 0.804610013961792 259 298 395 425
test303.jpg 2 0.8026198148727417 132 269 253 422
test303.jpg 0 0.686637282371521 194 167 287 209
test303.jpg 0 0.6255446076393127 0 187 54 256
test304.jpg 1 0.9044015407562256 202 151 562 477
test305.jpg 1 0.9061563014984131 5 66 301 297
test306.jpg 2 0.7135708332061768 58 615 743 1300
test306.jpg 2 0.4678123891353607 0 0 1038 1377
test307.jpg 2 0.7234472036361694 253 534 472 605
test308.jpg 3 0.8491635918617249 210 1376 1002 1784
test309.jpg 0 0.8759244680404663 114 218 956 1168
test310.jpg 0 0.8928435444831848 104 518 1002 1150
test311.jpg 0 0.8222158551216125 137 761 887 1510
test312.jpg 0 0.8799887299537659 0 474 1078 1276
test313.jpg 4 0.7742766737937927 416 388 745 564
test314.jpg 3 0.8941904306411743 80 1431 2935 3462
test315.jpg 2 0.8168114423751831 210 1186 676 1435
test316.jpg 3 0.8431655168533325 55 11 965 1368
test317.jpg 1 0.8932377099990845 97 74 571 496
test318.jpg 2 0.8510676622390747 19 290 1076 1676
test319.jpg 3 0.8911033272743225 453 632 1180 1080
test320.jpg 3 0.7903478145599365 319 346 792 512
test320.jpg 0 0.5273904204368591 0 279 311 505
test320.jpg 0 0.4913657009601593 454 628 872 853
test320.jpg 4 0.35737958550453186 442 629 873 855
test320.jpg 0 0.3568837344646454 3 1280 803 1909
test321.jpg 1 0.8604379296302795 53 245 208 407
test322.jpg 1 0.7872735857963562 519 429 877 596
test322.jpg 0 0.5218825340270996 93 474 393 581
test323.jpg 3 0.892452597618103 42 136 272 319
test324.jpg 2 0.9112321138381958 107 461 916 1191
test325.jpg 0 0.853300929069519 208 590 772 1005
test325.jpg 0 0.7064551115036011 62 516 235 621
test326.jpg 1 0.8845966458320618 57 192 240 351
test326.jpg 0 0.31467902660369873 298 284 348 459
test327.jpg 0 0.8707903027534485 84 332 1076 878
test328.jpg 3 0.9350680708885193 436 1189 2733 3210
test329.jpg 3 0.7554517984390259 294 75 888 467
test329.jpg 2 0.6208658814430237 10 366 1079 944
test329.jpg 3 0.4436757266521454 0 389 1080 952
test330.jpg 3 0.7939870357513428 289 396 681 580
test330.jpg 0 0.4278949797153473 445 193 669 285
test331.jpg 1 0.9087511301040649 69 16 254 185
test332.jpg 2 0.8729593753814697 203 307 965 1384
test333.jpg 3 0.7897716164588928 109 300 305 462
test333.jpg 0 0.6892375946044922 162 205 315 321
test333.jpg 2 0.4026813507080078 112 304 310 466
test334.jpg 1 0.8126412034034729 441 402 622 507
test334.jpg 0 0.7527028918266296 422 345 554 419
test335.jpg 2 0.8492045402526855 176 761 847 1293
test336.jpg 3 0.8232522010803223 108 381 898 715
test337.jpg 0 0.7791931629180908 54 211 212 305
test338.jpg 2 0.9261881113052368 17 151 336 476
test339.jpg 2 0.9049975872039795 43 152 295 304
test340.jpg 0 0.7752813100814819 270 1036 851 1451
test340.jpg 0 0.7515694499015808 0 1146 309 1478
test340.jpg 4 0.38954201340675354 275 1049 851 1444
test341.jpg 2 0.9204748868942261 82 116 405 351
test342.jpg 2 0.8554728031158447 443 171 804 533
test343.jpg 2 0.7809760570526123 237 740 513 867
test344.jpg 2 0.9132174253463745 74 159 241 302
test345.jpg 3 0.8774516582489014 418 824 838 1119
test346.jpg 3 0.8906954526901245 218 391 730 705
test347.jpg 2 0.7739838361740112 412 349 588 501
test347.jpg 0 0.7694295048713684 135 325 336 444
test347.jpg 2 0.683622419834137 555 369 721 522
test347.jpg 3 0.48769497871398926 245 327 469 477
test347.jpg 0 0.4766206741333008 249 332 464 470
test348.jpg 3 0.8838183283805847 171 106 821 750
test349.jpg 0 0.7499855756759644 222 428 482 561